#' @export
gl <- list(
  # Boolean values
  false = 0,
  true = 	1,

  # data types
  byte = 	0x1400L,
  unsigned_byte = 0x1401L,
  short = 0x1402L,
  unsigned_short = 0x1403L,
  int = 	0x1404L,
  unsigned_int = 0x1405L,
  float = 0x1406L,
  `2_bytes` = 0x1407L,
  `3_bytes` = 0x1408L,
  `4_bytes` = 0x1409L,
  double = 0x140aL,

  # primitives
  points = 0x0000L,
  lines = 0x0001L,
  line_loop = 0x0002L,
  line_strip = 0x0003L,
  triangles = 0x0004L,
  triangle_strip = 0x0005L,
  triangle_fan = 0x0006L,
  quads = 0x0007L,
  quad_strip = 0x0008L,
  polygon = 0x0009L,

  # vertex arrays
  vertex_array = 0x8074L,
  normal_array = 0x8075L,
  color_array = 0x8076L,
  index_array = 0x8077L,
  texture_coord_array = 0x8078L,
  edge_flag_array = 0x8079L,
  vertex_array_size = 0x807aL,
  vertex_array_type = 0x807bL,
  vertex_array_stride = 0x807cL,
  normal_array_type = 0x807eL,
  normal_array_stride = 0x807fL,
  color_array_size = 0x8081L,
  color_array_type = 0x8082L,
  color_array_stride = 0x8083L,
  index_array_type = 0x8085L,
  index_array_stride = 0x8086L,
  texture_coord_array_size = 0x8088L,
  texture_coord_array_type = 0x8089L,
  texture_coord_array_stride = 0x808aL,
  edge_flag_array_stride = 0x808cL,
  vertex_array_pointer = 0x808eL,
  normal_array_pointer = 0x808fL,
  color_array_pointer = 0x8090L,
  index_array_pointer = 0x8091L,
  texture_coord_array_pointer = 0x8092L,
  edge_flag_array_pointer = 0x8093L,
  v2f = 0x2a20L,
  v3f = 0x2a21L,
  c4ub_v2f = 0x2a22L,
  c4ub_v3f = 0x2a23L,
  c3f_v3f = 0x2a24L,
  n3f_v3f = 0x2a25L,
  c4f_n3f_v3f = 0x2a26L,
  t2f_v3f = 0x2a27L,
  t4f_v4f = 0x2a28L,
  t2f_c4ub_v3f = 0x2a29L,
  t2f_c3f_v3f = 0x2a2aL,
  t2f_n3f_v3f = 0x2a2bL,
  t2f_c4f_n3f_v3f = 0x2a2cL,
  t4f_c4f_n3f_v4f = 0x2a2dL,

  # matrix mode
  matrix_mode = 0x0ba0L,
  modelview = 0x1700L,
  projection = 0x1701L,
  texture = 0x1702L,

  # points
  point_smooth = 0x0b10L,
  point_size = 0x0b11L,
  point_size_granularity = 0x0b13L,
  point_size_range = 0x0b12L,

  # lines
  line_smooth = 0x0b20L,
  line_stipple = 0x0b24L,
  line_stipple_pattern = 0x0b25L,
  line_stipple_repeat = 0x0b26L,
  line_width = 0x0b21L,
  line_width_granularity = 0x0b23L,
  line_width_range = 0x0b22L,

  # polygons
  point = 0x1b00L,
  line = 0x1b01L,
  fill = 0x1b02L,
  cw = 0x0900L,
  ccw = 0x0901L,
  front = 0x0404L,
  back = 0x0405L,
  polygon_mode = 0x0b40L,
  polygon_smooth = 0x0b41L,
  polygon_stipple = 0x0b42L,
  edge_flag = 0x0b43L,
  cull_face = 0x0b44L,
  cull_face_mode = 0x0b45L,
  front_face = 0x0b46L,
  polygon_offset_factor = 0x8038L,
  polygon_offset_units = 0x2a00L,
  polygon_offset_point = 0x2a01L,
  polygon_offset_line = 0x2a02L,
  polygon_offset_fill = 0x8037L,

  # display lists
  compile = 0x1300L,
  compile_and_execute = 0x1301L,
  list_base = 0x0b32L,
  list_index = 0x0b33L,
  list_mode = 0x0b30L,

  # depth buffer
  never = 0x0200L,
  less = 	0x0201L,
  equal = 0x0202L,
  lequal = 0x0203L,
  greater = 0x0204L,
  notequal = 0x0205L,
  gequal = 0x0206L,
  always = 0x0207L,
  depth_test = 0x0b71L,
  depth_bits = 0x0d56L,
  depth_clear_value = 0x0b73L,
  depth_func = 0x0b74L,
  depth_range = 0x0b70L,
  depth_writemask = 0x0b72L,
  depth_component = 0x1902L,

  # lighting
  lighting = 0x0b50L,
  light0 = 0x4000L,
  light1 = 0x4001L,
  light2 = 0x4002L,
  light3 = 0x4003L,
  light4 = 0x4004L,
  light5 = 0x4005L,
  light6 = 0x4006L,
  light7 = 0x4007L,
  spot_exponent = 0x1205L,
  spot_cutoff = 0x1206L,
  constant_attenuation = 0x1207L,
  linear_attenuation = 0x1208L,
  quadratic_attenuation = 0x1209L,
  ambient = 0x1200L,
  diffuse = 0x1201L,
  specular = 0x1202L,
  shininess = 0x1601L,
  emission = 0x1600L,
  position = 0x1203L,
  spot_direction = 0x1204L,
  ambient_and_diffuse = 0x1602L,
  color_indexes = 0x1603L,
  light_model_two_side = 0x0b52L,
  light_model_local_viewer = 0x0b51L,
  light_model_ambient = 0x0b53L,
  front_and_back = 0x0408L,
  shade_model = 0x0b54L,
  flat = 0x1d00L,
  smooth = 0x1d01L,
  color_material = 0x0b57L,
  color_material_face = 0x0b55L,
  color_material_parameter = 0x0b56L,
  normalize = 0x0ba1L,

  # user clipping planes
  clip_plane0 = 0x3000L,
  clip_plane1 = 0x3001L,
  clip_plane2 = 0x3002L,
  clip_plane3 = 0x3003L,
  clip_plane4 = 0x3004L,
  clip_plane5 = 0x3005L,

  # accumulation buffer
  accum_red_bits = 0x0d58L,
  accum_green_bits = 0x0d59L,
  accum_blue_bits = 0x0d5aL,
  accum_alpha_bits = 0x0d5bL,
  accum_clear_value = 0x0b80L,
  accum = 0x0100L,
  add = 0x0104L,
  load = 0x0101L,
  mult = 0x0103L,
  return = 0x0102L,

  # alpha testing
  alpha_test = 0x0bc0L,
  alpha_test_ref = 0x0bc2L,
  alpha_test_func = 0x0bc1L,

  # blending
  blend = 0x0be2L,
  blend_src = 0x0be1L,
  blend_dst = 0x0be0L,
  zero = 0L,
  one = 1L,
  src_color = 0x0300L,
  one_minus_src_color = 0x0301L,
  src_alpha = 0x0302L,
  one_minus_src_alpha = 0x0303L,
  dst_alpha = 0x0304L,
  one_minus_dst_alpha = 0x0305L,
  dst_color = 0x0306L,
  one_minus_dst_color = 0x0307L,
  src_alpha_saturate = 0x0308L,

  # render mode
  feedback = 0x1c01L,
  render = 0x1c00L,
  select = 0x1c02L,

  # feedback
  `2d` = 0x0600L,
  `3d` = 0x0601L,
  `3d_color` = 0x0602L,
  `3d_color_texture` = 0x0603L,
  `4d_color_texture` = 0x0604L,
  point_token = 0x0701L,
  line_token = 0x0702L,
  line_reset_token = 0x0707L,
  polygon_token = 0x0703L,
  bitmap_token = 0x0704L,
  draw_pixel_token = 0x0705L,
  copy_pixel_token = 0x0706L,
  pass_through_token = 0x0700L,
  feedback_buffer_pointer = 0x0df0L,
  feedback_buffer_size = 0x0df1L,
  feedback_buffer_type = 0x0df2L,

  # selection
  selection_buffer_pointer = 0x0df3L,
  selection_buffer_size = 0x0df4L,

  # fog
  fog = 0x0b60L,
  fog_mode = 0x0b65L,
  fog_density = 0x0b62L,
  fog_color = 0x0b66L,
  fog_index = 0x0b61L,
  fog_start = 0x0b63L,
  fog_end = 0x0b64L,
  linear = 0x2601L,
  exp = 0x0800L,
  exp2 = 0x0801L,

  # logic ops
  logic_op = 0x0bf1L,
  index_logic_op = 0x0bf1L,
  color_logic_op = 0x0bf2L,
  logic_op_mode = 0x0bf0L,
  clear = 0x1500L,
  set = 0x150fL,
  copy = 0x1503L,
  copy_inverted = 0x150cL,
  noop = 0x1505L,
  invert = 0x150aL,
  and = 0x1501L,
  nand = 0x150eL,
  or = 0x1507L,
  nor = 0x1508L,
  xor = 0x1506L,
  equiv = 0x1509L,
  and_reverse = 0x1502L,
  and_inverted = 0x1504L,
  or_reverse = 0x150bL,
  or_inverted = 0x150dL,

  # stencil
  stencil_bits = 0x0d57L,
  stencil_test = 0x0b90L,
  stencil_clear_value = 0x0b91L,
  stencil_func = 0x0b92L,
  stencil_value_mask = 0x0b93L,
  stencil_fail = 0x0b94L,
  stencil_pass_depth_fail = 0x0b95L,
  stencil_pass_depth_pass = 0x0b96L,
  stencil_ref = 0x0b97L,
  stencil_writemask = 0x0b98L,
  stencil_index = 0x1901L,
  keep = 0x1e00L,
  replace = 0x1e01L,
  incr = 0x1e02L,
  decr = 0x1e03L,

  # buffers, pixel drawing/reading
  none = 0L,
  left = 0x0406L,
  right = 0x0407L,
  front_left = 0x0400L,
  front_right = 0x0401L,
  back_left = 0x0402L,
  back_right = 0x0403L,
  aux0 = 0x0409L,
  aux1 = 0x040aL,
  aux2 = 0x040bL,
  aux3 = 0x040cL,
  color_index = 0x1900L,
  red = 0x1903L,
  green = 0x1904L,
  blue = 0x1905L,
  alpha = 0x1906L,
  luminance = 0x1909L,
  luminance_alpha = 0x190aL,
  alpha_bits = 0x0d55L,
  red_bits = 0x0d52L,
  green_bits = 0x0d53L,
  blue_bits = 0x0d54L,
  index_bits = 0x0d51L,
  subpixel_bits = 0x0d50L,
  aux_buffers = 0x0c00L,
  read_buffer = 0x0c02L,
  draw_buffer = 0x0c01L,
  doublebuffer = 0x0c32L,
  stereo = 0x0c33L,
  bitmap = 0x1a00L,
  color = 0x1800L,
  depth = 0x1801L,
  stencil = 0x1802L,
  dither = 0x0bd0L,
  rgb = 0x1907L,
  rgba = 0x1908L,

  # implementation limits
  max_list_nesting = 0x0b31L,
  max_eval_order = 0x0d30L,
  max_lights = 0x0d31L,
  max_clip_planes = 0x0d32L,
  max_texture_size = 0x0d33L,
  max_pixel_map_table = 0x0d34L,
  max_attrib_stack_depth = 0x0d35L,
  max_modelview_stack_depth = 0x0d36L,
  max_name_stack_depth = 0x0d37L,
  max_projection_stack_depth = 0x0d38L,
  max_texture_stack_depth = 0x0d39L,
  max_viewport_dims = 0x0d3aL,
  max_client_attrib_stack_depth =	0x0d3bL,

  # gets
